1
1
29
0.938198 0.077122 0.034764 -0.005324 0.072557 0.112406 0.022357 0.025424 0.034021 -0.003980 -0.076017 0.015284 -0.023314 0.007474 -0.082359 -0.092096 0.060147 -0.183116 0.106332 -0.078623 -0.089123 -0.009755 -0.058627 -0.032299 0.009506 -0.463866 0.182556 0.136131 0.024043 
0.037876 0.882068 -0.040415 0.005194 0.019493 -0.003024 -0.015057 0.008402 0.006940 0.022091 0.029591 -0.000972 0.050556 -0.003957 -0.094405 0.012912 0.046848 0.003934 -0.057819 -0.028729 0.060191 -0.009284 -0.024583 -0.004586 0.003266 -0.056898 0.001669 0.011071 -0.070369 
-0.156811 -0.043444 0.758711 -0.011218 -0.036841 0.010141 0.007497 -0.006137 0.023472 -0.066390 0.000032 -0.079060 0.036780 0.012881 0.084488 -0.080893 -0.000808 -0.081541 -0.051087 -0.011473 0.111458 -0.017926 0.018899 0.049865 0.093270 0.090940 0.059187 -0.045992 -0.039767 
0.011506 0.018311 0.035238 0.831983 -0.032583 -0.010916 0.060941 -0.061879 -0.037169 -0.009750 -0.014839 -0.091672 -0.032927 0.076393 0.000137 0.079532 0.042565 -0.016850 0.084820 0.067750 0.132142 0.170749 -0.001255 0.073707 0.015806 -0.083430 -0.202728 -0.074108 -0.183425 
-0.022128 -0.011723 0.010011 -0.000457 0.898735 0.000976 0.015587 0.021928 0.035074 -0.027757 0.007378 0.011420 0.004427 0.048527 -0.024502 -0.051840 0.010447 -0.016402 0.038379 -0.004863 -0.012022 0.039529 0.002464 -0.036598 -0.071014 -0.020557 0.072909 -0.090312 -0.205965 
0.013142 -0.013500 0.015153 -0.002676 0.018378 0.856120 0.021106 -0.003600 0.015023 -0.060301 -0.026391 0.016135 0.011366 0.015432 0.007674 0.021957 0.103709 0.017563 0.122599 0.052574 -0.006113 0.021085 -0.019206 -0.013822 0.153141 0.010547 0.005216 0.003802 0.009576 
-0.003480 0.005620 -0.007195 -0.031320 -0.020076 -0.019207 0.957300 0.027773 0.107360 0.016484 0.016077 -0.079754 -0.014318 -0.017681 -0.013745 0.005868 -0.014930 0.030509 0.007316 0.034953 -0.046902 -0.030107 -0.016211 0.006495 -0.015388 -0.042649 -0.010631 0.023129 0.051602 
0.026362 -0.000871 0.009000 0.074766 -0.013853 -0.006425 0.002361 0.888004 0.028928 0.068365 -0.036176 -0.092818 -0.029419 -0.021755 0.000047 0.013196 0.026072 0.002015 -0.019255 -0.002860 -0.038970 0.149777 -0.065766 0.075550 0.011100 -0.022701 -0.121627 -0.020231 0.054927 
-0.000264 0.004633 -0.002209 -0.013739 0.059186 -0.000464 0.022073 -0.026807 0.743251 -0.036636 -0.016766 -0.016159 0.015947 0.038138 -0.030776 -0.070608 0.029308 0.011702 -0.024143 0.023546 0.076525 -0.001587 -0.033765 -0.130708 -0.010449 -0.033359 0.052338 -0.016647 -0.025478 
0.000261 0.000233 -0.005184 0.005376 -0.007038 -0.000554 0.002951 0.006665 -0.001039 0.942051 -0.018172 0.024736 -0.023755 0.030767 0.000184 -0.014707 0.035695 0.003154 -0.016909 -0.002599 -0.033776 0.025497 -0.025059 0.018826 0.008384 0.028156 -0.020097 -0.003405 0.045725 
-0.006252 0.038444 -0.006216 0.000490 0.030756 -0.008948 -0.020841 -0.033259 -0.019677 0.015517 0.882887 -0.096382 0.022164 -0.028095 0.044476 0.044344 -0.055622 -0.016959 -0.036491 0.032232 -0.003991 -0.086366 -0.038039 0.070175 0.018587 0.031065 0.028901 -0.010004 0.014678 
-0.013169 0.036259 -0.020844 -0.007245 -0.009478 -0.094582 -0.030577 -0.005326 0.030072 0.006643 -0.027867 0.735001 -0.002541 0.008469 -0.040611 0.012646 -0.013480 0.012552 -0.006197 -0.067346 -0.007799 -0.032897 -0.016243 0.003498 0.017640 -0.016292 -0.003858 0.026056 -0.061371 
-0.004575 -0.001131 0.000372 0.006048 0.030027 -0.013977 -0.019760 0.011127 -0.047486 0.000253 0.004147 0.018143 0.959196 -0.045795 -0.014486 -0.006733 0.046040 0.014675 -0.001160 0.001603 -0.040945 -0.013516 -0.016584 0.003354 -0.026547 0.005504 -0.085179 -0.071204 -0.003703 
-0.005807 -0.010188 -0.018016 -0.033863 -0.040337 -0.013585 -0.023965 0.023095 0.017962 -0.040819 0.000271 -0.054659 0.036432 0.805821 -0.012130 -0.060202 -0.020040 -0.065854 0.058519 -0.052061 -0.029713 0.010571 -0.055497 -0.010159 0.010677 0.016173 0.093772 -0.010393 -0.208628 
0.044131 -0.026727 0.046576 0.013045 0.003769 0.077806 0.001014 0.012784 0.017133 -0.017549 0.045332 -0.160627 -0.021520 -0.005853 0.642768 -0.024393 0.021988 -0.010318 0.001030 0.015489 -0.023902 0.037623 0.036528 0.007748 0.086825 0.033067 0.000965 -0.052928 0.035275 
0.011160 -0.004183 -0.003016 -0.003153 0.087862 -0.025151 0.009909 -0.031587 -0.087129 0.043304 0.041064 -0.014938 -0.002199 0.024563 -0.011594 0.705070 -0.071934 -0.001101 0.012853 0.001709 -0.051888 0.034016 0.029782 0.143105 -0.024235 -0.017320 -0.054341 0.042949 0.037540 
0.004805 0.024500 -0.010260 0.012862 -0.023504 0.026261 0.000973 0.002935 0.049906 -0.007198 -0.046072 0.038747 0.008525 -0.005765 0.007341 -0.028668 0.800742 0.031805 -0.007580 -0.020864 -0.015147 0.037798 -0.021553 -0.012265 0.063578 0.013454 -0.021678 -0.050591 -0.017027 
0.049028 0.075894 -0.023773 0.007716 -0.008124 -0.007157 -0.021434 0.027520 0.044176 0.001067 -0.021532 0.088774 0.008620 -0.001905 -0.000284 -0.009063 -0.031273 0.543327 0.012782 -0.013410 -0.046905 0.030352 -0.039342 0.027567 0.042270 -0.000111 -0.045951 0.008472 -0.045172 
0.015103 0.004621 -0.009911 -0.008581 0.011668 0.016610 -0.007694 -0.001344 0.004851 -0.035809 -0.057690 0.089039 0.021073 0.005000 -0.021657 -0.008919 -0.021487 0.000459 0.874852 -0.020566 0.002933 -0.030843 -0.012494 0.102171 0.045810 0.046077 -0.047641 0.004789 -0.042687 
0.020162 0.005845 0.053094 0.011250 0.000167 -0.008630 0.005091 0.008834 0.008934 0.010009 0.033787 -0.094671 0.010965 0.008804 0.052582 -0.065168 0.018769 -0.117961 -0.065602 0.808949 0.121201 -0.057101 -0.003937 0.008597 -0.042273 -0.125714 -0.057599 0.008744 0.102481 
-0.012205 -0.004601 0.000675 0.029374 0.037616 -0.026289 0.029257 0.036398 0.029188 -0.018259 0.008389 -0.046757 0.043672 0.007175 -0.025067 -0.016389 0.007335 -0.008264 0.027739 0.038263 0.804354 -0.002683 0.025227 0.043567 -0.007389 -0.019490 0.001605 -0.031642 0.066801 
0.014979 0.016142 -0.009526 -0.014695 0.006705 -0.025829 -0.025022 -0.040268 -0.009330 -0.009556 -0.019807 0.009258 0.016609 0.007271 0.023838 0.018726 -0.018103 -0.017582 -0.027904 -0.072837 -0.024463 0.682779 -0.011455 0.022865 0.033002 0.006560 0.051516 -0.044543 -0.139086 
0.001899 0.004687 -0.002057 0.024063 -0.035624 -0.010472 0.014513 0.009652 -0.005293 -0.014971 -0.017248 -0.001171 -0.026113 -0.043542 -0.028145 0.021329 0.014048 0.036535 0.023419 -0.018356 -0.024737 -0.009566 0.807132 -0.053157 0.001986 0.065246 -0.029231 -0.002441 -0.006481 
0.001127 -0.013432 -0.002401 -0.002267 -0.020208 0.004656 0.006880 0.008145 -0.031490 0.087248 0.018888 -0.018216 -0.014843 0.000436 -0.000948 -0.011375 -0.005959 0.020654 0.046892 -0.014727 -0.014425 -0.019106 0.023737 0.856100 0.018521 0.000803 -0.046493 -0.064532 0.011170 
-0.031797 -0.020434 0.010177 -0.008106 -0.012434 0.057804 0.006824 -0.025002 -0.036530 0.003114 0.011501 -0.066201 0.016029 -0.008496 0.011823 -0.009035 0.015859 0.047152 -0.003673 0.053969 0.000266 0.008616 -0.005202 0.005965 0.659235 -0.026615 0.007803 0.031298 0.011050 
-0.026568 -0.013201 -0.010604 -0.008335 -0.007723 0.003679 0.004492 -0.006916 -0.005969 0.022345 -0.024763 0.002036 -0.021575 0.010727 0.015882 0.027388 -0.016423 0.045192 0.013871 0.023119 -0.021351 -0.016665 0.009410 -0.004775 0.010873 0.645040 0.003216 0.010224 -0.011603 
0.003331 0.025658 -0.014144 -0.004347 -0.040392 0.004362 0.028981 0.027923 0.027889 -0.009333 -0.016177 0.027353 -0.017233 -0.016976 0.018612 0.008729 0.008757 -0.015029 -0.026789 0.009044 0.045716 0.024290 -0.014201 -0.010908 0.023422 -0.011687 0.663253 -0.031458 -0.026032 
0.002122 0.006259 -0.007649 0.005745 -0.008354 -0.000557 -0.020765 0.004885 -0.008000 0.048290 -0.004730 0.007422 -0.001810 -0.005844 0.000870 -0.013478 -0.053815 0.036210 -0.018974 -0.012928 -0.038298 -0.015675 -0.026741 -0.071119 0.066000 0.009546 -0.013280 0.914391 0.026961 
-0.007928 -0.018207 0.006035 0.002234 0.019818 0.005340 0.022625 0.010013 0.028367 -0.003195 0.001607 0.017759 0.023165 -0.000635 -0.002962 -0.006677 -0.003706 -0.002072 -0.003551 -0.003924 -0.009457 0.044503 -0.005688 -0.000815 0.013752 -0.018124 -0.022099 0.014178 0.565823 
0.076883 -0.024663 0.101925 0.020994 0.047887 0.002759 0.012535 -0.013941 0.005490 -0.000727 0.025868 -0.028216 0.010579 0.021672 -0.007510 -0.007867 -0.010109 -0.035765 -0.028311 0.040913 0.008572 -0.005052 -0.004629 -0.001413 -0.000252 -0.008246 -0.005720 -0.009132 0.008181 
1.0 1.0 1.0 1.0 1.0 1.0 1.0 1.0 1.0 1.0 1.0 1.0 1.0 1.0 1.0 1.0 1.0 1.0 1.0 1.0 1.0 1.0 1.0 1.0 1.0 1.0 1.0 1.0 1.0 
